8.476	3.98
8.272	3.183
8.203	4.056
8.326	4.439
8.53	4.816
8.462	5.132
8.177	2.706
8.17	3.052
8.266	3.607
8.143	3.914
8.143	3.486
8.495	3.446
8.495	3.434
8.495	3.738
8.295	3.394
8.295	3.665
8.359	3.228
8.222	3.759
8.06	2.858
8.245	3.307
8.158	3.398
8.435	3.542
8.511	3.928
8.062	3.524
8.303	3.019
8.376	4.876
8.252	4.848
7.922	2.654
8.378	3.044
8.216	4.292
8.668	4.416
8.083	3.463
8.1	4.618
7.947	3.898
8.228	2.725
8.096	3.02
7.986	3.767
7.992	3.683
8.37	5.792
8.254	5.794
8.496	5.978
8.271	4.31
8.281	4.726
8.492	3.725
8.385	4.455
8.603	4.954
8.11	3.955
8.401	3.953
8.311	3.472
8.396	4.732
9.068	5.181
8.541	5.731
8.088	3.295
7.924	3.329
8.188	2.547
8.412	4.322
8.378	3.338
8.196	3.651
8.004	3.725
8.434	3.583
8.154	2.938
8.278	2.898
8.078	3.352
8.316	2.966
8.048	3.035
8.122	2.927
8.617	3.473
8.357	2.692
8.268	3.952
8.355	3.694
8.145	3.61
8.442	3.171
8.491	3.783
8.358	3.003
8.358	3.233
8.358	3.294
8.214	3.279
8.214	2.926
8.071	4.491
8.207	2.873
8.198	3.161
8.156	3.411
8.48	3.644
8.268	2.972
8.518	3.03
8.103	3.941
8.073	3.534
8.476	3.646
9.123	22.356
9.359	22.354
9.289	24.164
9.43	23.999
9.344	23.892
7.702	3.42
8.07	4.956
7.867	4.331
8.121	4.322
7.843	4.547
7.942	4.431
7.685	3.28
8.052	3.148
7.801	3.102
8.077	4.206
7.739	3.045
7.792	3.547
8.008	3.263
7.932	3.167
8.085	3.426
7.822	3.232
7.929	4.017
7.793	4.317
8.251	3.019
8.406	4.225
8.143	3.266
8.295	3.472
8.226	3.442
8.26	3.971
8.303	3.846
8.246	4.095
8.323	3.214
8.353	4.01
8.035	3.32
8.218	2.319
8.394	2.59
8.142	5.166
8.19	4.785
8.403	4.304
8.319	2.939
8.647	3.349
8.728	4.051
8.087	3.643
8.491	4.095
8.491	4.197
8.214	3.373
8.271	3.071
8.401	3.692
8.334	3.497
8.192	2.977
9.381	22.165
9.41	24.02
8.046	3.426
8.192	4.099
7.792	3.574
8.028	3.556
7.986	3.429
7.827	3.497
7.838	3.66
8.013	4.415
