7.183	6.252
7.562	11.602
7.502	11.229
7.47	13.359
7.66	12.555
7.697	12.2
7.279	6.504
7.616	6.273
7.236	7.602
7.506	7.864
7.506	7.602
7.587	8.682
7.587	8.507
7.587	9.765
7.65	9.108
7.65	6.855
7.495	5.61
7.502	6.222
7.387	5.851
7.597	7.372
7.548	5.942
7.088	5.977
7.322	7.272
7.499	6.995
7.209	6.968
7.034	8.981
7.298	13.851
7.864	6.026
7.408	7.51
7.899	14.304
7.314	12.301
7.478	9.762
7.507	14.087
7.113	9.563
7.434	5.784
7.262	8.511
7.236	8.623
7.324	7.805
6.986	13.723
7.221	17.248
7.18	11.397
7.273	9.623
7.341	13.254
6.834	10.393
7.331	12.45
7.434	15.451
7.256	8.08
6.994	7.212
7.123	9.429
7.354	12.238
7.264	9.032
7.332	12.148
7.383	9.295
7.163	10.381
7.534	6.925
7.402	11.287
7.314	9.809
7.287	6.876
7.265	8.689
7.32	6.352
7.845	8.159
7.061	6.833
7.215	6.611
7.26	8.433
7.338	7.728
7.6	7.56
6.841	7.106
7.341	6.511
7.653	6.415
7.135	6.413
7.56	9.217
7.678	7.225
7.542	6.757
7.319	6.292
7.319	5.292
7.319	6.253
7.596	5.004
7.596	6.334
7.368	11.525
7.376	8.652
7.271	7.758
7.391	10.349
7.155	7.727
7.213	7.387
7.261	12.391
7.049	10.908
7.568	10.198
7.216	7.502
8.129	121.08
8.289	122.076
8.24	116.546
8.19	117.531
8.21	125.041
7.744	8.242
7.691	13.394
7.776	8.957
7.551	9.7
7.557	10.144
7.515	11.589
7.927	7.151
8.073	6.392
7.757	5.642
7.962	8.166
7.96	6.239
7.887	6.974
7.939	5.834
8.113	7.002
7.875	6.97
8.046	5.497
7.806	13.147
7.887	9.189
7.307	6.139
7.857	12.152
7.506	6.695
7.65	7.463
7.222	6.123
7.414	7.138
7.466	6.449
7.411	9.78
7.333	9.594
7.51	8.17
7.351	7.021
7.608	7.93
7.275	6.287
7.07	15.104
7.527	12.558
7.576	12.931
7.269	7.485
7.26	6.905
7.146	8.842
7.499	7.066
7.542	6.486
7.542	7.697
7.596	4.791
7.457	7.271
7.436	7.66
7.479	7.725
7.497	6.846
8.444	122.728
8.305	123.0
8.012	8.877
7.966	8.725
7.558	10.558
7.87	5.401
7.913	6.946
7.865	5.76
7.772	5.383
7.929	7.89
